89.68038533625919	-236.4486244334675	-321.34245764585944	1155.3028745320769	691.8021589002194	-1053.0126335742868
-236.4486244334675	1208.868996869756	1917.478799535304	-1944.286275977798	-2929.154109332645	1672.646894668904
-321.34245764585944	1917.478799535304	22501.642943436167	-6869.320148186394	248.83408067639087	6515.20531219827
1155.3028745320769	-1944.286275977798	-6869.320148186394	21402.149771524462	2412.965690589906	-20081.619255582806
691.8021589002194	-2929.154109332645	248.83408067639087	2412.965690589906	11839.562036917516	-1621.4453800180715
-1053.0126335742868	1672.646894668904	6515.20531219827	-20081.619255582806	-1621.4453800180715	18886.434364941266