193.95893814300962	39.25266940127312	-128.37015720861115	464.55231690557537	312.44826928495195	-243.6560481262501
39.25266940127312	53.508576773824885	-51.24982547290655	247.87193567761318	-91.104115309273	-202.50657043498762
-128.37015720861115	-51.24982547290655	426.1675065516965	-542.7701034685166	27.595386014586907	396.0060729412044
464.55231690557537	247.87193567761318	-542.7701034685166	1779.9214777588047	83.77919558065915	-1250.8674950234254
312.44826928495195	-91.104115309273	27.595386014586907	83.77919558065915	1168.5343335913064	274.04542065810796
-243.6560481262501	-202.50657043498762	396.0060729412044	-1250.8674950234254	274.04542065810796	324.7280752679218