2575.5631246870307	-1884.432889334001	-4815.836004006009	16011.244717075613	6936.447100650977	-13049.578077115673
-1884.432889334001	2944.0656685027543	4031.511016524787	-7206.971957936906	-9592.086790185278	5031.532068102153
-4815.836004006009	4031.511016524787	43209.099148723086	-42290.74762143215	-677.2211116675013	36736.128612919376
16011.244717075613	-7206.971957936906	-42290.74762143215	124564.32423635453	18272.658988482723	-106169.04171256885
6936.447100650977	-9592.086790185278	-677.2211116675013	18272.658988482723	43509.20043064597	-10292.766399599399
-13049.578077115673	5031.532068102153	36736.128612919376	-106169.04171256885	-10292.766399599399	90789.36579869805