134.5205780043888	-354.6729366502012	-482.01368646878916	1732.9543117981152	1037.7032383503292	-1579.5189503614301
-354.6729366502012	1813.3034953046342	2876.218199302956	-2916.4294139666968	-4393.7311639989675	2508.970342003356
-482.01368646878916	2876.218199302956	33752.46441515425	-10303.980222279592	373.25112101458626	9772.807968297406
1732.9543117981152	-2916.4294139666968	-10303.980222279592	32103.22465728669	3619.4485358848583	-30122.428883374207
1037.7032383503292	-4393.7311639989675	373.25112101458626	3619.4485358848583	17759.343055376274	-2432.168070027107
-1579.5189503614301	2508.970342003356	9772.807968297406	-30122.428883374207	-2432.168070027107	28329.651547411904